image_width: 640
image_height: 480
camera_name: depth_PS1080_PrimeSense
camera_matrix:
  rows: 3
  cols: 3
  data: [597.4178886513885, 0, 289.4522982155655, 0, 600.8261679888856, 208.2517075867116, 0, 0, 1]
distortion_model: plumb_bob
distortion_coefficients:
  rows: 1
  cols: 5
  data: [0.03225045182082979, -0.02051000198945556, -0.01992247860075667, -0.0143666828696844, 0]
rectification_matrix:
  rows: 3
  cols: 3
  data: [1, 0, 0, 0, 1, 0, 0, 0, 1]
projection_matrix:
  rows: 3
  cols: 4
  data: [607.7473754882812, 0, 281.8534620786195, 0, 0, 609.7614135742188, 200.4656518100855, 0, 0, 0, 1, 0]