image_width: 640
image_height: 480
camera_name: rgb_PS1080_PrimeSense
camera_matrix:
  rows: 3
  cols: 3
  data: [546.5185855766111, 0, 310.5610371639737, 0, 551.7463116294985, 251.629276115284, 0, 0, 1]
distortion_model: plumb_bob
distortion_coefficients:
  rows: 1
  cols: 5
  data: [0.09663974414096109, -0.1866932241636967, 0.0005363673425227394, -0.002047990676675684, 0]
rectification_matrix:
  rows: 3
  cols: 3
  data: [1, 0, 0, 0, 1, 0, 0, 0, 1]
projection_matrix:
  rows: 3
  cols: 4
  data: [552.5346069335938, 0, 309.2291565592132, 0, 0, 559.1881103515625, 251.8132095851652, 0, 0, 0, 1, 0]